m1=500;m2=50;k1=60000*4;k2=1350000*4;b1=500;b2=1500;